#datum;y_rs;y_rsh;y_rx;y_rxd;y_dr01;y_dr1;y_dr5;y_dr10;y_dr20;y_dr30;y_dr50;y_drho;y_drjeg;y_drziv;y_dron
1901;740.2;138.2;37.0;1901-12-09;141;99;42;20;8;2;0;30;2;31;0
1902;715.5;122.6;27.2;1902-09-13;152;110;48;27;4;0;0;31;2;29;2
1903;733.0;92.0;40.0;1903-07-10;138;100;47;26;6;2;0;14;5;21;0
1904;705.5;71.9;44.1;1904-09-15;138;106;49;21;6;1;0;20;5;26;1
1905;752.9;97.2;30.9;1905-10-25;144;103;47;27;6;2;0;21;3;37;0
1906;931.6;179.5;41.6;1906-06-06;139;109;60;29;11;5;0;29;5;36;0
1907;516.0;60.8;26.7;1907-06-16;106;78;38;18;4;0;0;30;3;19;0
1908;625.9;174.1;38.0;1908-02-24;109;87;44;18;4;3;0;28;3;23;0
1909;770.8;71.8;46.5;1909-06-08;133;112;50;21;7;2;0;29;4;27;0
1910;834.8;73.8;46.5;1910-11-02;127;100;56;32;4;2;0;22;2;36;0
1911;625.1;55.9;40.9;1911-06-01;113;85;41;18;5;2;0;22;2;37;0
1912;778.0;110.0;36.0;1912-05-17;148;111;58;22;6;1;0;18;2;30;0
1913;647.1;60.4;26.0;1913-09-10;113;87;48;24;6;0;0;23;3;35;1
1914;765.2;64.5;48.6;1914-03-26;133;94;48;25;8;3;0;14;1;30;0
1915;877.2;65.7;42.2;1915-10-02;173;129;56;26;7;3;0;19;2;32;0
1916;639.2;71.5;27.8;1916-04-14;151;115;49;14;3;0;0;13;3;22;0
1917;519.0;153.0;30.2;1917-07-11;122;87;34;15;3;1;0;39;1;22;0
1918;628.2;105.2;31.4;1918-11-18;136;98;41;20;3;1;0;23;2;27;0
1919;901.1;128.5;54.7;1919-07-24;152;127;58;28;10;3;1;27;2;16;0
1920;656.2;74.4;41.0;1920-06-14;121;97;45;16;6;4;0;20;0;24;0
1921;436.6;80.3;22.7;1921-11-09;94;77;31;14;1;0;0;16;0;14;0
1922;786.4;40.0;37.3;1922-10-08;127;101;51;26;8;3;0;27;3;12;0
1923;716.1;133.9;36.3;1923-01-18;155;101;48;20;7;2;0;34;0;14;0
1924;623.4;62.9;48.7;1924-08-10;131;87;37;17;6;2;0;34;4;24;0
1925;801.2;34.0;51.6;1925-06-18;129;109;53;25;7;2;1;18;2;25;1
1926;666.6;53.3;53.0;1926-06-23;140;98;47;19;5;1;1;18;3;34;0
1927;730.0;82.0;38.9;1927-10-18;122;94;50;24;6;2;0;24;3;24;0
1928;554.5;20.2;30.6;1928-08-17;123;84;36;18;3;1;0;21;5;18;0
1929;537.2;118.3;22.5;1929-11-18;94;82;41;17;2;0;0;33;0;9;1
1930;605.6;46.1;36.9;1930-10-10;119;96;38;15;4;1;0;15;7;15;1
1931;607.1;104.6;18.2;1931-02-07;123;106;46;22;0;0;0;43;4;14;1
1932;753.1;86.8;68.5;1932-10-03;107;87;45;21;9;4;1;32;2;18;0
1933;666.6;102.2;48.2;1933-08-22;142;106;44;18;5;1;0;44;2;15;3
1934;635.4;32.8;31.3;1934-07-01;125;93;42;22;7;2;0;18;3;22;0
1935;619.5;151.6;28.8;1935-04-14;122;92;42;18;5;0;0;34;3;11;1
1936;820.4;105.0;55.9;1936-10-29;138;99;51;24;10;4;1;12;1;38;0
1937;952.2;163.3;72.2;1937-06-29;161;120;62;29;7;4;1;28;2;27;1
1938;535.7;25.8;26.2;1938-07-25;133;91;41;13;4;0;0;26;1;29;1
1939;535.8;40.1;36.4;1939-06-14;133;84;32;16;5;1;0;24;2;26;0
1940;915.9;130.1;57.7;1940-08-12;154;116;43;29;13;4;1;47;1;32;2
1941;706.7;82.9;28.3;1941-06-10;155;114;47;22;6;0;0;34;0;20;0
1942;594.9;138.8;34.0;1942-04-29;114;86;40;18;7;1;0;41;3;20;1
1943;693.0;68.4;39.8;1943-11-25;95;84;47;25;7;2;0;13;0;9;0
1944;819.6;122.3;53.4;1944-11-09;121;97;49;32;9;4;1;26;2;4;0
1945;544.2;118.8;23.5;1945-12-04;110;77;41;19;4;0;0;32;1;7;0
1946;490.0;72.1;39.6;1946-08-22;106;76;36;15;2;1;0;23;1;15;1
1947;498.4;93.5;54.3;1947-03-06;129;85;28;12;3;1;1;42;4;21;1
1948;572.0;36.8;35.4;1948-01-08;127;95;40;15;4;2;0;18;1;20;0
1949;506.6;35.5;22.4;1949-05-21;112;81;36;17;2;0;0;15;3;18;0
1950;668.5;46.5;26.6;1950-11-14;131;100;45;23;4;0;0;22;0;20;1
1951;783.4;29.1;58.2;1951-07-17;149;102;49;23;5;2;1;17;0;32;2
1952;723.7;98.7;31.7;1952-11-07;144;93;43;22;8;1;0;43;0;29;3
1953;506.1;77.5;33.7;1953-08-22;106;79;34;13;3;2;0;33;0;28;1
1954;653.0;94.8;36.7;1954-06-04;139;93;43;22;5;1;0;49;2;32;3
1955;867.2;135.9;43.4;1955-08-09;155;109;53;28;8;3;0;49;1;22;1
1956;545.0;138.0;24.0;1956-01-18;132;80;40;17;2;0;0;63;0;20;4
1957;447.1;30.1;29.7;1957-07-15;109;70;32;10;4;0;0;21;0;23;3
1958;458.8;66.1;22.4;1958-08-13;125;79;31;15;2;0;0;27;0;18;6
1959;669.6;57.3;52.4;1959-06-19;129;93;46;14;6;2;1;25;0;19;1
1960;801.4;77.0;73.5;1960-07-25;149;102;44;24;10;3;1;29;0;21;0
1961;497.4;44.7;75.0;1961-04-19;110;63;31;12;6;1;1;20;0;26;5
1962;513.2;135.2;40.8;1962-07-04;129;85;39;13;1;1;0;50;0;17;2
1963;709.1;147.3;52.2;1963-09-08;143;106;45;19;6;2;1;46;0;35;9
1964;828.3;94.8;43.6;1964-04-25;136;98;52;29;8;5;0;30;0;34;4
1965;815.0;136.4;44.9;1965-07-04;157;109;54;29;6;2;0;41;0;35;1
1966;639.4;72.5;43.0;1966-07-21;146;97;35;16;5;3;0;25;0;35;3
1967;659.4;68.9;54.1;1967-09-15;125;81;38;22;6;2;1;28;1;28;3
1968;562.9;66.1;29.6;1968-09-18;126;81;34;21;3;0;0;34;1;31;6
1969;727.3;233.2;32.0;1969-06-25;165;102;49;26;3;1;0;67;0;33;6
1970;573.7;140.0;28.6;1970-08-21;166;107;40;13;4;0;0;49;0;34;2
1971;398.3;63.6;24.9;1971-05-31;135;70;30;10;1;0;0;26;0;40;4
1972;858.6;43.7;97.4;1972-07-12;138;85;52;29;10;4;1;12;1;38;4
1973;527.4;164.2;42.5;1973-04-20;120;68;31;15;5;2;0;35;0;23;5
1974;854.2;71.7;66.8;1974-06-29;156;115;47;27;8;4;1;15;0;33;5
1975;629.9;57.9;31.7;1975-06-10;136;79;42;19;8;1;0;23;0;50;3
1976;603.4;68.2;52.7;1976-07-27;139;77;41;17;3;1;1;44;0;30;5
1977;535.5;81.1;29.8;1977-11-15;135;78;38;13;3;0;0;25;0;33;3
1978;515.2;67.9;37.1;1978-04-15;141;85;34;16;3;1;0;34;0;36;12
1979;641.9;95.2;39.8;1979-08-24;148;98;38;20;6;2;0;22;0;35;4
1980;731.3;127.6;57.1;1980-09-08;154;100;50;21;3;1;1;38;0;29;3
1981;650.1;146.7;48.2;1981-06-04;127;85;40;18;7;4;0;46;0;30;3
1982;544.6;29.8;37.8;1982-08-10;126;73;29;19;5;2;0;26;0;33;1
1983;440.7;61.5;27.8;1983-10-09;126;75;29;15;1;0;0;24;0;37;2
1984;662.4;119.8;23.4;1984-09-25;152;96;49;20;2;0;0;35;0;36;11
1985;615.3;155.0;34.6;1985-11-11;140;98;39;16;3;2;0;34;0;25;7
1986;529.0;119.3;61.5;1986-08-24;114;75;30;14;3;1;1;32;0;25;9
1987;685.2;94.4;36.3;1987-05-06;151;105;42;17;7;2;0;30;0;22;5
1988;484.7;57.6;30.5;1988-05-27;130;70;27;17;3;2;0;29;0;19;1
1989;680.6;25.0;33.7;1989-04-30;140;85;43;22;9;2;0;7;0;41;5
1990;458.2;10.9;19.3;1990-08-21;129;88;31;12;0;0;0;15;0;32;1
1991;618.2;66.3;49.0;1991-07-25;122;75;36;20;6;2;0;17;0;26;2
1992;695.0;31.8;40.0;1992-06-05;127;80;36;22;8;5;0;12;0;21;3
1993;673.9;170.5;41.4;1993-12-21;138;99;39;20;8;2;0;39;0;26;7
1994;583.1;43.6;49.2;1994-09-03;118;86;38;12;3;2;0;18;0;30;1
1995;828.8;135.9;55.4;1995-09-08;149;103;47;28;8;3;1;36;0;30;3
1996;695.4;117.1;32.2;1996-10-29;158;97;46;20;7;1;0;43;0;22;8
1997;553.6;44.2;49.4;1997-06-19;119;76;37;15;5;2;0;17;0;26;10
1998;752.9;47.0;51.2;1998-08-22;132;88;47;27;7;1;1;16;2;30;3
1999;823.1;111.6;73.2;1999-06-21;141;103;51;24;7;3;1;26;5;29;1
2000;473.9;21.1;27.6;2000-06-14;99;67;32;15;3;0;0;15;0;23;4
2001;651.3;65.4;42.3;2001-09-05;136;91;41;19;5;2;0;25;0;27;4
2002;697.7;8.9;37.8;2002-05-26;137;89;44;27;7;1;0;19;1;40;5
2003;501.2;57.2;38.0;2003-11-01;114;68;34;13;5;2;0;28;1;29;0
2004;821.6;111.5;56.0;2004-08-08;147;106;48;23;8;3;1;36;2;35;4
2005;685.4;81.6;34.1;2005-07-01;142;100;46;21;6;2;0;44;2;26;3
2006;602.0;23.5;45.7;2006-08-27;135;78;36;19;6;2;0;31;0;30;4
2007;657.2;72.7;37.2;2007-10-22;137;87;39;22;6;1;0;24;0;37;5
2008;615.2;10.6;60.5;2008-06-06;136;79;33;18;8;3;1;12;3;34;3
2009;626.3;66.7;38.0;2009-06-28;147;93;38;20;4;1;0;31;6;36;2
2010;980.5;96.3;68.2;2010-05-16;156;115;59;28;8;7;2;45;1;26;4
2011;405.2;24.9;49.8;2011-08-04;98;61;25;11;3;1;0;19;1;30;11
2012;633.4;81.2;89.8;2012-05-22;117;75;40;17;7;1;1;32;1;26;0
2013;687.2;83.8;60.5;2013-08-28;148;107;43;15;5;3;1;35;1;31;11
2014;917.8;17.7;43.1;2014-10-23;161;106;50;32;10;5;0;10;2;51;5
2015;615.6;43.4;55.4;2015-06-09;114;70;34;20;8;1;1;21;1;18;5
2016;788.1;42.7;50.4;2016-07-13;137;99;51;27;7;3;1;10;0;31;4
2017;671.9;81.9;56.5;2017-07-24;109;71;41;19;9;2;1;21;1;25;1
2018;664.7;102.1;59.8;2018-05-24;137;91;39;16;7;3;1;40;1;32;3
2019;721.2;28.3;49.3;2019-08-02;128;88;44;25;6;3;0;17;1;34;0
2020;514.1;19.1;28.5;2020-08-04;115;76;29;18;3;0;0;6;0;31;2
