#datum;y_rs;y_rsh;y_rx;y_rxd;y_dr01;y_dr1;y_dr5;y_dr10;y_dr20;y_dr30;y_dr50;y_drho;y_drjeg;y_drziv;y_dron
1901;613.7;80.6;28.0;1901-07-24;109;84;42;19;5;0;0;28;4;34;0
1902;594.4;67.4;30.8;1902-09-13;120;89;38;14;4;1;0;22;3;16;0
1903;560.1;27.7;40.2;1903-06-22;113;79;33;17;6;3;0;19;1;21;0
1904;564.4;59.8;62.0;1904-02-11;97;74;32;14;5;3;1;23;2;10;0
1905;550.2;22.3;31.3;1905-05-18;109;82;37;19;5;1;0;18;3;23;0
1906;575.8;100.8;37.0;1906-09-12;106;83;36;19;4;2;0;30;2;22;0
1907;346.1;36.2;23.8;1907-06-04;101;71;21;8;1;0;0;24;0;19;1
1908;572.0;132.4;42.5;1908-08-08;96;78;35;16;7;1;0;30;6;24;0
1909;525.5;72.3;29.4;1909-05-27;114;93;39;13;2;0;0;27;3;21;0
1910;666.4;59.3;37.4;1910-06-18;128;103;42;18;6;3;0;19;3;27;0
1911;431.1;56.0;32.1;1911-08-14;101;75;29;13;2;1;0;30;3;23;0
1912;598.4;104.6;21.0;1912-01-07;136;105;44;16;1;0;0;20;2;22;1
1913;398.7;61.3;27.0;1913-06-25;104;85;25;8;3;0;0;24;2;23;0
1914;550.1;32.4;38.8;1914-07-17;117;86;32;17;5;2;0;13;2;23;0
1915;771.2;56.8;37.3;1915-07-19;161;121;50;18;6;1;0;22;4;16;0
1916;558.6;22.6;39.8;1916-04-14;140;97;32;14;4;1;0;11;5;11;0
1917;461.0;129.6;25.3;1917-01-12;123;89;35;10;2;0;0;36;1;9;1
1918;591.7;53.5;30.8;1918-12-19;124;93;37;17;5;1;0;23;5;23;0
1919;785.8;75.4;44.5;1919-06-24;174;121;50;22;7;1;0;34;3;18;0
1920;526.9;49.1;29.5;1920-07-28;99;77;33;15;5;0;0;16;3;29;1
1921;387.5;78.8;16.5;1921-08-25;98;69;30;10;0;0;0;25;0;17;0
1922;608.4;101.8;37.6;1922-06-19;107;88;45;21;3;1;0;29;1;17;1
1923;482.5;85.7;24.7;1923-08-18;122;89;33;14;1;0;0;30;0;15;0
1924;590.2;45.6;60.0;1924-08-19;86;75;39;16;7;3;1;26;1;11;0
1925;679.6;64.5;42.0;1925-06-26;124;92;42;16;7;4;0;17;6;15;1
1926;550.4;32.3;32.0;1926-09-13;115;81;37;17;3;1;0;11;4;12;0
1927;609.8;65.7;30.1;1927-10-17;109;89;42;20;5;1;0;19;0;9;0
1928;393.4;20.6;24.5;1928-10-12;108;71;32;10;1;0;0;20;4;9;2
1929;573.4;62.6;35.5;1929-07-01;118;85;36;18;6;1;0;28;1;11;0
1930;466.4;43.3;37.5;1930-10-06;113;81;33;13;1;1;0;14;2;9;0
1931;720.0;103.1;41.0;1931-08-31;137;106;45;19;8;3;0;31;7;32;0
1932;595.6;97.4;50.6;1932-07-24;128;75;38;18;3;3;1;39;1;18;2
1933;628.4;110.3;34.2;1933-09-21;139;98;41;19;4;1;0;39;0;24;0
1934;378.4;35.9;24.9;1934-11-13;106;72;27;8;2;0;0;15;1;29;0
1935;455.1;113.6;21.4;1935-09-25;111;82;33;10;1;0;0;38;2;15;0
1936;656.6;27.7;39.3;1936-08-01;131;92;40;24;8;1;0;11;2;34;2
1937;773.7;90.2;44.2;1937-06-13;137;94;53;22;9;4;0;26;5;27;1
1938;538.0;96.9;28.3;1938-12-03;132;79;36;19;3;0;0;29;0;27;3
1939;733.8;29.2;40.7;1939-08-15;129;93;46;25;6;4;0;20;1;32;0
1940;867.3;150.8;48.3;1940-07-09;152;113;58;26;6;3;0;43;2;36;0
1941;695.8;67.7;43.6;1941-09-01;159;102;45;17;7;3;0;39;1;19;3
1942;588.5;214.1;51.1;1942-04-22;117;80;34;18;7;1;1;44;0;17;1
1943;558.7;61.7;38.8;1943-06-07;109;77;42;16;4;1;0;21;1;25;2
1944;636.5;137.1;31.5;1944-11-27;132;94;44;16;5;1;0;35;1;26;0
1945;506.4;73.3;45.0;1945-06-10;89;67;34;16;3;1;0;26;1;9;0
1946;444.8;86.3;41.3;1946-07-09;105;74;27;15;2;1;0;23;2;28;0
1947;405.8;122.7;40.0;1947-07-09;140;86;20;8;2;1;0;49;3;24;0
1948;444.0;19.3;29.0;1948-09-06;123;77;29;12;2;0;0;24;1;25;1
1949;456.6;37.9;29.6;1949-05-13;124;80;30;11;2;0;0;21;4;31;0
1950;450.9;21.3;40.4;1950-05-06;125;71;33;13;1;1;0;25;0;25;0
1951;567.5;20.4;36.3;1951-07-24;135;84;35;17;5;3;0;20;0;37;0
1952;592.4;117.1;30.6;1952-11-15;127;93;34;16;6;2;0;45;0;27;0
1953;446.4;51.9;26.8;1953-04-10;102;71;28;13;3;0;0;29;0;39;1
1954;591.8;57.1;31.2;1954-06-04;151;94;40;17;3;2;0;39;1;41;2
1955;746.3;99.4;59.9;1955-07-29;145;102;46;25;6;1;1;38;0;36;7
1956;510.3;104.7;36.0;1956-07-03;125;82;32;15;3;1;0;54;0;24;5
1957;443.0;29.2;28.2;1957-05-28;109;75;28;12;2;0;0;28;0;32;6
1958;406.5;89.3;37.4;1958-03-31;132;77;24;10;1;1;0;33;0;20;4
1959;479.6;32.9;37.6;1959-07-26;102;65;27;14;4;2;0;22;0;42;0
1960;503.6;66.7;34.9;1960-11-19;124;86;29;13;4;1;0;21;1;28;1
1961;399.8;48.1;29.5;1961-06-10;95;58;30;13;1;0;0;23;0;30;5
1962;383.1;133.8;34.3;1962-07-04;113;74;20;7;2;1;0;51;0;27;2
1963;557.7;128.1;33.2;1963-07-12;122;80;40;18;3;1;0;43;1;42;7
1964;526.0;55.8;27.8;1964-06-17;129;88;35;14;2;0;0;38;0;28;4
1965;572.7;104.8;41.2;1965-05-22;144;98;38;13;2;1;0;44;0;38;4
1966;585.5;98.5;30.2;1966-06-20;144;86;38;17;7;1;0;31;1;35;5
1967;469.3;51.5;36.0;1967-04-07;117;67;29;16;4;2;0;31;1;31;7
1968;473.2;50.3;32.6;1968-09-18;121;75;30;12;2;1;0;38;0;38;2
1969;636.5;170.7;37.8;1969-08-24;152;98;37;23;5;2;0;68;0;33;6
1970;534.4;81.9;51.4;1970-08-24;156;87;34;14;3;1;1;40;0;43;0
1971;339.5;61.5;15.8;1971-10-15;113;71;22;9;0;0;0;34;0;39;3
1972;592.0;34.7;38.1;1972-08-20;124;82;42;18;3;2;0;15;2;45;0
1973;349.5;51.7;25.5;1973-06-07;107;56;20;9;3;0;0;35;0;33;4
1974;650.0;45.0;36.9;1974-06-29;142;93;41;19;7;2;0;15;0;31;5
1975;597.9;23.7;39.2;1975-08-28;113;71;36;21;9;3;0;14;1;53;6
1976;462.7;40.5;21.8;1976-03-24;130;78;31;12;1;0;0;37;0;34;1
1977;513.2;63.4;32.6;1977-08-13;141;84;37;14;1;1;0;32;0;34;5
1978;597.1;47.4;51.9;1978-06-28;135;85;32;13;6;3;1;35;0;36;5
1979;442.4;51.5;27.4;1979-12-11;147;83;31;8;2;0;0;21;0;36;5
1980;484.0;61.8;32.0;1980-06-18;137;86;34;11;2;1;0;31;0;27;6
1981;557.7;104.5;50.2;1981-08-10;118;75;33;20;7;1;1;40;0;29;4
1982;419.2;41.6;48.9;1982-07-27;107;72;25;8;4;2;0;22;0;37;3
1983;347.4;17.6;36.9;1983-09-17;95;54;22;7;4;2;0;26;0;32;3
1984;526.0;61.5;28.4;1984-06-22;139;87;37;10;4;0;0;44;0;39;3
1985;509.0;90.1;32.4;1985-08-07;129;80;31;12;4;1;0;47;1;29;4
1986;392.7;116.5;35.2;1986-08-19;107;66;21;10;3;1;0;55;1;31;5
1987;498.9;102.2;54.6;1987-05-21;125;82;33;16;2;1;1;38;0;26;10
1988;416.8;69.5;36.5;1988-06-01;128;80;21;13;1;1;0;37;0;25;2
1989;515.4;26.8;50.1;1989-11-07;109;66;31;16;4;1;1;22;0;38;13
1990;434.9;29.4;32.5;1990-06-14;112;73;26;10;4;1;0;21;0;38;3
1991;617.4;37.1;40.7;1991-10-01;118;79;39;22;8;2;0;28;0;29;6
1992;456.8;21.1;55.2;1992-06-05;99;52;32;14;3;1;1;24;0;35;5
1993;407.8;102.8;28.3;1993-06-12;117;75;20;11;3;0;0;43;0;32;4
1994;398.6;69.5;20.2;1994-02-18;134;82;25;7;1;0;0;23;0;36;2
1995;562.1;103.7;40.8;1995-09-17;143;88;38;15;3;1;0;36;0;38;6
1996;561.7;133.9;37.7;1996-08-03;143;90;38;15;4;1;0;53;0;40;8
1997;500.9;52.4;28.1;1997-07-24;124;79;34;16;2;0;0;25;2;41;13
1998;591.6;35.5;48.5;1998-07-28;123;79;37;18;6;2;0;19;2;33;4
1999;738.2;162.8;38.1;1999-07-09;124;87;53;26;8;1;0;39;1;46;13
2000;203.3;7.7;19.0;2000-04-05;87;43;11;4;0;0;0;18;0;19;2
2001;677.1;55.0;63.3;2001-06-14;130;79;35;20;9;4;1;29;1;34;2
2002;386.6;9.2;42.1;2002-08-09;121;63;19;10;3;1;0;21;1;33;9
2003;427.5;91.6;31.8;2003-09-10;100;58;32;17;1;1;0;36;1;32;8
2004;688.5;59.0;92.3;2004-07-26;143;87;42;20;5;2;1;40;0;26;5
2005;652.6;78.4;45.4;2005-06-08;135;84;39;25;7;2;0;46;1;34;4
2006;501.9;42.5;28.2;2006-06-23;134;79;33;16;3;0;0;35;1;39;9
2007;556.0;45.9;68.7;2007-05-06;133;85;35;15;3;1;1;29;0;44;6
2008;527.2;9.6;41.6;2008-06-06;113;76;34;16;6;1;0;18;2;36;5
2009;512.5;15.1;49.9;2009-06-26;137;72;31;14;2;2;0;31;2;34;6
2010;837.6;91.3;34.6;2010-06-20;159;112;54;24;10;2;0;47;2;43;3
2011;305.2;30.6;22.4;2011-05-15;109;58;16;9;1;0;0;33;2;41;4
2012;401.5;55.5;26.2;2012-10-27;104;59;28;13;2;0;0;37;2;31;3
2013;545.2;88.4;22.0;2013-05-06;131;90;39;16;4;0;0;35;2;37;11
2014;841.8;17.0;49.8;2014-09-13;141;91;41;20;13;10;0;10;1;47;1
2015;441.6;19.9;26.3;2015-08-16;121;72;31;12;4;0;0;18;2;22;4
2016;643.5;15.9;59.3;2016-07-15;131;93;40;20;4;2;1;17;1;33;7
2017;437.7;62.6;47.4;2017-06-21;111;60;25;15;4;1;0;22;3;30;4
2018;574.5;121.6;38.2;2018-05-25;132;87;34;18;3;2;0;39;0;58;3
2019;510.8;19.7;33.2;2019-05-29;121;78;33;16;2;1;0;21;1;43;7
2020;554.7;8.8;35.8;2020-10-12;129;89;37;18;2;1;0;12;4;38;9
