#datum;y_rs;y_rsh;y_rx;y_rxd;y_dr01;y_dr1;y_dr5;y_dr10;y_dr20;y_dr30;y_dr50;y_drho;y_drjeg;y_drziv;y_dron
1901;563.0;83.1;27.0;1901-03-07;114;96;42;19;2;0;0;17;0;38;0
1902;788.6;107.4;48.7;1902-08-17;119;100;49;30;6;2;0;26;0;31;0
1903;837.5;173.1;38.8;1903-08-19;136;111;57;27;8;3;0;21;3;21;1
1904;848.4;149.7;50.1;1904-08-25;136;104;52;28;9;4;1;23;3;31;0
1905;736.1;79.5;34.0;1905-08-06;130;103;51;22;6;2;0;21;2;35;0
1906;824.9;119.4;47.3;1906-07-19;144;116;53;26;8;2;0;26;2;47;1
1907;691.5;66.2;28.0;1907-04-06;127;102;44;24;7;0;0;28;2;36;0
1908;496.5;99.9;23.8;1908-04-08;119;89;32;15;2;0;0;25;1;26;3
1909;622.6;87.3;31.6;1909-07-28;132;97;38;21;5;1;0;25;1;43;0
1910;890.2;157.8;69.0;1910-06-13;131;103;56;35;9;2;1;18;6;58;0
1911;629.2;70.7;35.5;1911-05-31;118;79;41;20;7;2;0;18;0;42;0
1912;720.5;81.5;25.0;1912-09-06;151;111;50;23;5;0;0;16;1;39;1
1913;750.5;83.3;62.1;1913-09-05;120;86;43;22;7;4;2;19;3;42;0
1914;736.9;51.5;40.2;1914-07-07;124;90;44;23;10;3;0;16;3;40;0
1915;923.8;72.8;49.6;1915-10-01;153;106;55;30;10;4;0;25;2;45;0
1916;798.6;75.2;36.6;1916-05-28;158;115;53;31;4;1;0;13;1;36;1
1917;545.5;122.8;42.0;1917-07-09;129;97;37;14;2;1;0;35;0;36;0
1918;764.8;81.7;40.3;1918-09-12;150;113;40;24;10;4;0;19;1;25;2
1919;589.3;81.2;22.0;1919-06-26;135;105;40;14;3;0;0;29;5;23;1
1920;492.3;95.4;26.5;1920-07-01;121;90;36;10;1;0;0;24;1;21;3
1921;446.7;35.5;23.5;1921-10-23;101;72;35;11;3;0;0;14;1;27;0
1922;575.4;73.4;36.7;1922-09-04;125;87;40;19;3;2;0;24;4;20;0
1923;650.7;57.2;25.0;1923-06-01;134;96;47;21;5;0;0;23;1;20;0
1924;428.1;16.2;44.0;1924-09-05;122;75;28;8;1;1;0;18;1;18;0
1925;608.1;10.8;58.8;1925-07-23;123;82;35;16;7;2;1;12;3;26;0
1926;695.3;71.5;74.2;1926-08-19;138;91;43;21;5;2;1;23;3;40;0
1927;622.3;35.5;35.0;1927-07-17;139;101;36;15;6;2;0;18;1;30;0
1928;434.8;30.2;22.6;1928-09-15;125;79;28;11;2;0;0;15;1;25;0
1929;549.9;74.4;42.8;1929-06-04;119;88;37;15;3;1;0;25;1;30;0
1930;775.1;109.3;37.4;1930-08-13;139;99;49;23;5;3;0;25;5;35;3
1931;604.9;128.6;35.5;1931-07-20;136;87;40;20;4;1;0;58;5;35;0
1932;462.9;47.0;27.6;1932-08-03;104;68;32;15;3;0;0;44;5;32;7
1933;744.7;182.8;41.1;1933-08-21;142;91;45;26;6;3;0;53;2;24;3
1934;633.9;34.5;40.8;1934-06-30;123;72;39;19;9;4;0;16;3;38;0
1935;632.1;150.7;38.2;1935-05-26;143;97;40;20;3;1;0;55;3;36;0
1936;664.8;80.7;34.1;1936-05-17;134;88;51;22;3;1;0;19;4;43;0
1937;897.3;158.2;33.2;1937-08-15;156;105;65;31;8;3;0;46;2;41;0
1938;578.6;72.1;45.2;1938-08-08;135;77;35;19;5;2;0;44;0;32;0
1939;706.6;39.8;41.6;1939-06-14;127;83;37;24;10;3;0;34;3;29;0
1940;787.3;112.5;36.0;1940-10-29;148;100;49;26;10;3;0;58;2;39;1
1941;786.5;151.6;46.7;1941-11-05;146;95;56;29;5;1;0;43;4;37;3
1942;599.6;101.7;49.7;1942-05-21;137;83;42;20;5;1;0;58;2;34;0
1943;662.6;113.6;35.1;1943-07-06;134;88;38;22;7;2;0;26;0;31;0
1944;829.3;81.2;33.2;1944-10-27;153;108;49;31;8;3;0;54;0;27;0
1945;522.7;106.0;52.3;1945-07-16;137;79;35;10;3;2;1;39;1;20;0
1946;613.1;82.4;71.0;1946-07-07;121;76;36;17;6;3;1;34;1;30;1
1947;559.7;161.3;27.1;1947-04-28;133;86;36;17;6;0;0;48;3;25;0
1948;756.4;151.1;37.7;1948-08-04;144;97;50;25;9;3;0;32;1;37;0
1949;564.2;19.8;25.3;1949-08-03;120;77;36;21;4;0;0;17;1;25;1
1950;679.7;133.7;48.9;1950-09-16;136;107;37;16;7;4;0;37;1;33;0
1951;673.9;46.0;33.6;1951-07-23;135;91;44;23;5;2;0;28;0;33;4
1952;524.6;139.5;27.3;1952-06-16;141;88;38;13;2;0;0;59;0;33;4
1953;539.9;44.5;43.0;1953-09-10;104;60;31;18;8;2;0;41;1;38;3
1954;733.2;82.1;46.3;1954-11-10;139;98;51;26;4;2;0;46;0;37;2
1955;528.1;95.2;23.7;1955-07-22;136;82;38;16;3;0;0;48;2;34;14
1956;617.1;91.3;45.8;1956-05-25;132;79;37;21;4;3;0;61;0;29;6
1957;564.0;54.4;22.8;1957-03-29;113;85;42;16;3;0;0;31;0;27;6
1958;520.4;50.7;38.4;1958-06-11;134;83;32;15;3;2;0;35;0;29;3
1959;569.8;64.8;40.7;1959-07-20;116;85;34;16;6;1;0;27;1;32;5
1960;623.3;40.1;30.3;1960-06-27;143;95;38;18;5;1;0;23;1;41;1
1961;658.0;80.8;39.3;1961-06-07;122;81;42;22;7;3;0;32;0;34;4
1962;695.0;151.8;49.0;1962-09-07;128;89;39;23;7;3;0;58;0;31;5
1963;642.6;100.3;28.8;1963-07-08;143;94;49;21;4;0;0;55;2;42;10
1964;696.2;92.6;49.7;1964-10-24;131;100;42;23;7;1;0;43;0;30;9
1965;890.0;116.5;39.8;1965-05-22;168;104;48;31;11;6;0;48;0;49;8
1966;781.7;73.4;44.9;1966-07-23;164;107;49;27;5;3;0;40;0;40;10
1967;529.3;48.7;35.5;1967-05-31;131;74;30;15;6;2;0;32;0;39;5
1968;551.5;97.0;39.6;1968-08-07;129;73;38;21;4;1;0;35;0;36;16
1969;644.9;179.6;37.4;1969-06-06;151;91;43;17;3;2;0;68;0;35;7
1970;567.3;103.6;26.2;1970-11-21;155;90;37;14;4;0;0;50;0;44;10
1971;428.9;59.0;36.7;1971-07-18;127;67;28;12;3;1;0;28;0;38;9
1972;753.0;52.3;47.2;1972-07-13;156;96;48;22;10;2;0;21;0;41;8
1973;474.3;73.0;45.5;1973-09-24;129;74;24;11;4;1;0;38;0;29;7
1974;711.3;38.1;47.7;1974-08-21;168;92;45;19;7;3;0;22;0;36;5
1975;527.6;50.6;28.8;1975-07-01;128;78;38;16;5;0;0;22;0;39;3
1976;517.2;73.1;37.5;1976-07-20;142;77;34;14;3;1;0;46;0;26;4
1977;518.1;84.7;24.3;1977-08-21;132;82;38;13;3;0;0;31;0;32;6
1978;552.1;83.2;52.3;1978-05-19;139;74;36;16;6;1;1;37;0;48;15
1979;713.2;94.6;62.4;1979-08-19;153;93;45;23;5;1;1;32;0;39;9
1980;636.3;121.4;31.6;1980-07-06;159;85;43;23;5;2;0;51;0;34;3
1981;618.8;98.0;40.6;1981-06-17;143;92;38;18;5;2;0;41;0;37;5
1982;729.1;52.5;70.2;1982-10-01;130;79;45;24;11;3;1;29;0;40;2
1983;481.9;41.6;48.3;1983-09-03;102;62;30;17;4;1;0;26;0;34;1
1984;537.0;77.8;33.2;1984-09-23;145;79;36;15;3;1;0;43;1;33;8
1985;632.2;171.4;29.5;1985-05-21;135;91;44;17;3;0;0;43;0;29;6
1986;561.3;74.1;27.6;1986-06-19;118;71;37;24;5;0;0;45;0;32;7
1987;582.8;67.0;30.1;1987-08-04;149;96;38;19;2;1;0;39;0;25;8
1988;551.2;18.2;34.3;1988-05-17;136;79;35;17;5;2;0;30;0;35;6
1989;548.0;8.9;43.6;1989-07-11;117;85;32;12;5;3;0;11;0;37;4
1990;593.8;27.5;32.7;1990-06-08;126;82;37;21;6;1;0;18;1;33;3
1991;688.2;65.5;44.4;1991-08-18;125;75;39;23;9;4;0;27;0;27;3
1992;571.2;52.4;33.8;1992-11-16;130;74;35;18;7;1;0;14;0;22;1
1993;501.6;84.0;20.0;1993-09-29;130;91;38;13;1;0;0;41;0;34;6
1994;598.9;13.8;35.6;1994-08-11;140;90;40;21;5;2;0;15;0;35;1
1995;626.6;76.7;47.9;1995-08-07;130;90;43;14;6;1;0;41;0;27;5
1996;713.4;160.3;33.1;1996-06-20;141;96;43;24;9;1;0;50;0;22;11
1997;534.4;63.7;43.2;1997-05-21;130;90;29;14;4;2;0;32;0;35;12
1998;673.8;61.6;46.2;1998-09-05;132;84;39;19;7;3;0;27;0;32;6
1999;657.5;65.3;71.6;1999-07-10;138;78;34;20;8;3;1;34;1;27;5
2000;544.4;38.4;31.7;2000-09-16;121;78;34;17;3;2;0;23;0;30;4
2001;420.5;24.0;33.3;2001-07-10;118;64;31;12;2;1;0;25;0;26;5
2002;529.9;10.1;26.3;2002-10-11;132;82;38;12;4;0;0;20;0;28;5
2003;424.4;55.1;28.7;2003-10-04;125;76;28;8;3;0;0;30;0;29;4
2004;577.8;99.3;24.9;2004-06-12;151;95;42;21;2;0;0;46;4;27;5
2005;643.7;156.7;35.0;2005-08-03;129;87;43;21;6;2;0;50;0;31;2
2006;508.0;49.6;45.9;2006-06-29;128;77;31;15;5;1;0;36;2;30;3
2007;602.1;89.0;33.0;2007-09-18;131;81;35;18;8;1;0;28;1;27;2
2008;692.2;52.8;66.0;2008-06-03;136;86;31;20;8;3;2;18;1;39;6
2009;616.8;91.8;33.3;2009-09-04;151;89;41;19;6;1;0;40;2;33;2
2010;738.4;113.4;47.9;2010-09-25;144;98;49;21;6;2;0;45;0;24;2
2011;524.5;8.9;34.5;2011-07-28;107;67;32;15;8;1;0;19;2;26;17
2012;532.2;43.0;37.9;2012-09-24;129;78;32;16;4;2;0;29;1;28;3
2013;707.6;188.2;28.2;2013-03-30;145;98;46;26;8;0;0;45;2;23;12
2014;877.4;19.4;61.0;2014-08-09;148;94;54;28;8;3;1;13;2;37;4
2015;511.4;33.6;37.7;2015-10-19;117;64;26;19;8;2;0;20;2;21;1
2016;742.2;101.3;38.2;2016-08-05;124;92;47;25;7;3;0;26;2;40;11
2017;658.1;71.2;30.1;2017-08-04;130;79;46;28;3;1;0;30;0;36;6
2018;665.4;89.5;57.9;2018-06-08;137;84;35;19;9;4;1;46;1;39;5
2019;642.7;54.8;43.2;2019-07-31;137;82;37;20;9;2;0;24;1;33;4
2020;599.3;16.8;54.7;2020-10-03;130;76;34;19;6;2;1;11;1;29;14
